X Y
  25.50     00.00
  00.80     31.46
 -03.86     43.00
 -06.13     52.07
 -06.69     60.66
 -05.35     69.44
  00.00     81.00
  09.71     92.75
  19.42    101.80
  29.13    109.04
  39.13    114.57
  49.13    119.30
  59.13    123.10
  69.13    125.85
  79.13    128.00
  89.13    129.17
  99.13    129.75
 109.13    129.75
 119.13    129.00
 129.13    126.93
 139.13    125.34
 149.13    121.90
 159.13    116.00
 169.13    108.18
 176.08    100.75
 183.94     90.87
 192.65     77.41
 195.26     59.24
 194.18     46.98
 177.08      0.00
